1000,1000,1000,1000,1000,1000,1000,1000,1000
10000,10000,10000,10000,10000,10000,10000,10000,10000
100000,100000,100000,100000,100000,100000,100000,100000,100000
1e+06,1e+06,1e+06,1e+06,1e+06,1e+06,1e+06,1e+06,1e+06
